x=[14.652013779032998, 11.826455043922229
;-29.07145591135683, 9.335828191542692
;14.755300883280142, 9.66586666775089
;29.42171441543338, 10.868970780958623
;14.521321884054267, 11.091393968823525
;58.5495056040181, 13.981528072032143
;14.637376401004415, 14.021468338443617
;0.0, 13.167580089928824
;29.27475280865871, 14.148484883160213
;29.392204167004962, 15.0768065429143
;36.81403309118964, 16.400573915692632
;-14.59363922228984, 14.513068717829476
;44.08830625050744, 16.314160241671303
;73.18688200502262, 19.77763122791807
;14.652013779032998, 19.465488134174784
;29.451283980950667, 20.073609446423614
;43.956041337098995, 21.528016891148212
;0.0, 20.216990100410555
;-29.304027558065997, 17.201227841251875
;66.3988900048555, 20.19729819293695
;14.55016263915946, 19.853395359742244
;-14.608189209852291, 17.754731983061838
;58.66672184449939, 20.246216221574592
;0.0, 19.013249338848595
;-44.176925971426, 15.165054070233646
;-14.535727955678414, 13.356317058426454
;29.570158984902758, 14.343717860547534
;14.608189209852291, 14.359823804075646
;14.696102086854044, 14.380302691661756
;29.333360915573387, 15.29092349032291
;0.0, 14.359727158942482
;43.78091765695455, 16.15143742902081
;-73.26006889516499, 10.706398957343682
;-43.86830472786271, 7.382874129690195
;73.26006889516499, 11.394705208831159
;29.570158991687293, 12.501565490650066
;-14.478274482386917, 10.858530129180703
;14.81497854429694, 11.099472427517606
;14.622768242620902, 11.314036324817108
;14.535727955678414, 11.510232939717163
;-14.755300883280142, 9.910697846025636
;-14.71085720771669, 8.41127881136523
;29.27475280200905, 9.681835848174277
;73.33340230562423, 13.558129206734742
;36.339319889196034, 14.945472567743082
;58.432756839409166, 17.593788714318613
;58.5495056040181, 20.087935869059116
;44.48992038032763, 21.57398335792896
;36.66670115281212, 22.49310923348839
;-21.912283814778437, 19.788881517862116
;14.652013779032998, 19.47605329684516
;36.556920606552254, 20.516254759213425
;73.11384121310451, 23.71937585103794
;0.0, 22.274898296160476
;29.27564597850411, 22.701234257022755
;58.60805511613199, 24.887910547483393
;0.0, 23.37227082747513
;-14.608189213163875, 21.05931274640392
;-14.74045651791931, 18.879155751680795
;14.535727952399602, 18.614646938013255
;14.75530088665876, 18.379618040849312
;-14.535727955678414, 16.37511847890449
;29.48091303583862, 17.173243446239926
;0.0, 16.127416403474186
;14.652013779032998, 16.037566401147107
;14.652013779032998, 15.953188141098673
;7.304094604926146, 15.426470171726377
;-7.29681961114492, 14.042652896327972
;-29.36275306404721, 11.399323026947666
;29.27475280865871, 12.487912257356944
;7.304094604926146, 12.172224850802095
;29.304027558065997, 13.215528209231268
;43.91212920301358, 15.084909234474711
;0.0, 14.16625888956654
;14.652013775701516, 14.19584069789913
;44.44493563289082, 16.03796921609288
;-14.622768242620902, 14.17077223109444
;29.0426437615639, 15.076448871141624
;14.74045651791931, 15.05598739627449
;-14.652013779032998, 13.246810748140756
;43.91212920301358, 15.114286709541116
;-14.637376404329355, 13.302451109053292
;14.652013779032998, 13.384637630230278
;14.696102083502481, 13.464504022106203
;0.0, 12.644534138849822
;36.59344100251131, 14.102989818529782
;29.27475280865871, 15.02692943839136
;0.0, 14.111809983781683
;-14.652013779032998, 12.36013244897763
;14.622768242620902, 12.497923874827356
;14.622768242620902, 12.627323991262175
;14.622768242620902, 12.748843817550977
;29.245536485241804, 13.753469843035047
;44.00004137336008, 15.595444689335164
;0.0, 14.645703433344575
;0.0, 13.753800121144549
;43.91212920301358, 15.590401122998562
;0.0, 14.640967013301177
;-14.637376401004525, 12.857955935287993
;51.90490711038224, 15.235861868101644
;101.7500956897489, 20.504460406174978
;-29.45128397422057, 17.46222388410731
;-58.0852875231278, 12.861483744909037
;29.48091303583862, 13.873584262915307
;73.70228258959654, 17.517070179794707
;43.956041337098995, 19.127167369983106
;-29.245536485241804, 16.18133585121026
;58.784408347416175, 18.77580470975293
;43.693878059463074, 20.29328130317145
;21.978020668549497, 20.39587962676944
;14.608189213163875, 20.04341719480933
;0.0, 18.82280049550102
;73.11384121310451, 22.129050636315124
;43.956041337098995, 23.45828452323554
;0.0, 22.029707073198615
;-14.681376532023606, 19.79405228126811
;-14.637376404329355, 17.69722535668724
;88.00008274672015, 21.97857323790521
;-14.608189209852291, 19.750489434464537
;-43.737354569769465, 15.884166549426865
;29.333360915573387, 16.703204095570097
;-14.666680461124848, 14.792821022009575
;43.78091765695455, 16.55815646805019
;-58.66672184449939, 11.977064243141934
;58.5495056040181, 14.813262237731609
;21.978020668549497, 15.249586228903688
;-7.40748927214847, 13.869801312725052
;95.14294660652942, 18.819224726244524
;-29.245536485241804, 15.892146493387106
;-95.04799357703587, 9.136043665340907
;36.52047302463073, 10.803717967187712
;117.68685766173353, 17.31275501998386
;0.0, 16.25843191314863
;-14.637376404329355, 14.376919434293054
;29.245536485241804, 15.282397880987679
;-14.725641987110285, 13.454949286743203
;29.21637842632775, 14.41479876878281
;29.540422455979737, 15.33592856818783
;-14.521463659225125, 13.517654209261826
;14.725785757107628, 13.591227768497209
;0.0, 12.763540582370746
;-29.51067380309969, 10.189098733083298
;14.535656994489212, 10.453798187613563
;0.0, 9.817176172765489
;-58.90249607690264, 5.632242101709915
;43.86830472786271, 7.9607660307217305
;58.66679342831762, 11.048693762581674
;21.95599314738723, 11.712933380210188
;0.0, 10.99963175390503
;0.0, 10.329769221255884
;0.0, 9.700700400858771
;29.304027558065997, 10.89451621866692
;14.622768242620902, 11.12156166882333
;14.637376401004525, 11.335669978402692
;29.245536485241804, 12.426356358282654
;-14.800013917841245, 10.768307638466824
;43.91212920301358, 12.786721050080965
;14.637376404329355, 12.899423430523603
;-73.40688266011803, 7.643487406943081
;14.622768242620902, 8.0685160661977
;29.333360915573387, 9.363516039459254
;-14.696102083502481, 7.898318195477177
;29.245536485241804, 9.198334598618974
;-43.5639656521628, 5.985182661797461
;29.659946920218424, 7.426943431687528
;14.463982011706733, 7.855489458593196
;-14.844998760752421, 6.473060767234093
;14.637376404329355, 6.97025642544966
;0.0, 6.545777340437738
;73.11384121310451, 10.599681403495492
;14.74045651791931, 10.85184894576742
;-43.65048791747838, 7.532731158615182
;0.0, 7.0739981314950935
;-14.74045651791931, 5.745527672960974
;-29.129252046225773, 3.6217012766834893
;29.51060177331752, 5.198299915817054
;29.12925203964205, 6.655662176392717
;-29.48091303583862, 4.454994159998625
;-14.535727955678414, 3.2984851515286486
;0.0, 3.097611916229279
;-29.07145591135683, 1.138559674294103
;88.44273910751585, 6.455264819921503
;29.45128397422057, 7.855690941103091
;-57.91309794255944, 3.850461631927658
;14.681376532023606, 4.510049538887356
;14.74045651791931, 5.133067334603375
;0.0, 4.820470553006999
;44.00004137336008, 7.206452840869587
;0.0, 6.767589717139307
;-87.64913525911375, 1.0177402738088581
;0.0, 0.9557612828166726
;58.66672184449939, 4.470279865653728
;36.593512456630876, 6.426540804355634
;-51.23088886927232, 2.9152821794016774
;-73.04094604926146, -1.710348255332252
;74.2249938037621, 2.9140102402351946
;-14.550162642444787, 1.8504659926142342
;29.45128397422057, 3.531318065665056
;36.63010597315618, 5.546988989144625
;-21.890530074046, 3.8760815969264115
;21.978092194123185, 4.978469289166659
;-7.318759654621823, 4.22958486201953
;7.348122784223105, 4.4194995571172155
;14.666537263444992, 5.043530141384291
;0.0, 4.736386052419623
;-14.637233492765406, 3.5565591140758563
;-7.326078415090187, 2.89382136973257
;-29.216378419704583, 0.9383541108230802
;14.637376404329355, 1.772605836121743
;14.637376401004525, 2.556052771923315
;-14.725641987110285, 1.5036211925073997
;21.912355131384594, 2.746485181986451
;-7.3334118260641965, 2.1326332376922026
